36 109
3
874 431 96 2: 19,0.000000 37,0.000000
114 178 151 2: 20,0.000000 38,0.000000
497 760 110 2: 21,0.000000 39,0.000000
3
880 431 64 2: 37,0.000000 55,0.000000
118 181 194 2: 38,0.000000 56,0.000000
501 759 103 2: 39,0.000000 57,0.000000
3
881 433 86 2: 55,0.000000 73,0.000000
119 181 189 2: 56,0.000000 74,0.000000
502 760 99 2: 57,0.000000 75,0.000000
3
882 432 44 2: 73,0.000000 92,0.000000
120 180 185 2: 74,0.000000 93,0.000000
500 760 103 2: 75,0.000000 94,0.000000
3
881 432 103 2: 92,0.000000 4,0.000000
121 180 196 2: 93,0.000000 5,0.000000
501 757 112 2: 94,0.000000 6,0.000000
3
881 431 90 2: 4,0.000000 23,0.000000
120 181 193 2: 5,0.000000 24,0.000000
501 758 108 2: 6,0.000000 22,0.000000
3
881 431 75 2: 23,0.000000 40,0.000000
120 180 197 2: 24,0.000000 41,0.000000
504 757 112 2: 22,0.000000 42,0.000000
3
505 757 55 2: 42,0.000000 60,0.000000
882 428 101 2: 40,0.000000 58,0.000000
122 180 199 2: 41,0.000000 59,0.000000
3
884 432 106 2: 58,0.000000 77,0.000000
121 181 203 2: 59,0.000000 78,0.000000
504 757 128 2: 60,0.000000 76,0.000000
3
882 430 105 2: 77,0.000000 97,0.000000
122 180 199 2: 78,0.000000 95,0.000000
504 756 125 2: 76,0.000000 96,0.000000
3
504 759 61 2: 96,0.000000 9,0.000000
883 430 91 2: 97,0.000000 7,0.000000
120 181 191 2: 95,0.000000 8,0.000000
3
119 181 91 2: 8,0.000000 26,0.000000
504 757 72 2: 9,0.000000 27,0.000000
882 429 107 2: 7,0.000000 25,0.000000
3
883 428 102 2: 25,0.000000 45,0.000000
123 179 194 2: 26,0.000000 43,0.000000
505 757 120 2: 27,0.000000 44,0.000000
3
883 429 108 2: 45,0.000000 62,0.000000
121 180 223 2: 43,0.000000 63,0.000000
502 759 128 2: 44,0.000000 61,0.000000
3
120 180 30 2: 63,0.000000 80,0.000000
504 761 107 2: 61,0.000000 81,0.000000
884 428 112 2: 62,0.000000 79,0.000000
3
503 761 58 2: 81,0.000000 100,0.000000
882 429 110 2: 79,0.000000 98,0.000000
120 179 203 2: 80,0.000000 99,0.000000
3
883 427 109 2: 98,0.000000 10,0.000000
121 179 204 2: 99,0.000000 11,0.000000
503 758 126 2: 100,0.000000 12,0.000000
3
883 427 111 2: 10,0.000000 29,0.000000
122 179 191 2: 11,0.000000 30,0.000000
504 760 131 2: 12,0.000000 28,0.000000
3
882 427 113 2: 29,0.000000 47,0.000000
122 178 173 2: 30,0.000000 48,0.000000
503 759 133 2: 28,0.000000 46,0.000000
3
505 758 45 2: 46,0.000000 65,0.000000
882 428 111 2: 47,0.000000 66,0.000000
125 177 210 2: 48,0.000000 64,0.000000
3
503 760 95 2: 65,0.000000 82,0.000000
883 426 111 2: 66,0.000000 83,0.000000
126 176 239 2: 64,0.000000 84,0.000000
3
126 178 161 2: 84,0.000000 103,0.000000
502 762 105 2: 82,0.000000 101,0.000000
882 426 120 2: 83,0.000000 102,0.000000
3
500 762 34 2: 101,0.000000 13,0.000000
882 427 127 2: 102,0.000000 14,0.000000
125 177 232 2: 103,0.000000 15,0.000000
3
503 764 101 2: 13,0.000000 33,0.000000
883 427 75 2: 14,0.000000 32,0.000000
126 178 265 2: 15,0.000000 31,0.000000
3
501 765 34 2: 33,0.000000 51,0.000000
884 427 120 2: 32,0.000000 50,0.000000
126 176 227 2: 31,0.000000 49,0.000000
3
123 176 78 2: 49,0.000000 69,0.000000
883 430 94 2: 50,0.000000 68,0.000000
503 761 137 2: 51,0.000000 67,0.000000
3
125 179 98 2: 69,0.000000 88,0.000000
883 427 123 3: 68,0.000000 86,0.000000 87,0.000000
504 761 139 2: 67,0.000000 85,0.000000
3
502 763 109 2: 85,0.000000 104,0.000000
882 428 140 3: 86,0.000000 87,0.000000 105,0.000000
126 178 238 2: 88,0.000000 106,0.000000
4
503 762 122 2: 104,0.000000 16,0.000000
881 423 94 2: 105,0.000000 17,0.000000
882 430 98 2: 105,0.000000 17,0.000000
125 177 272 2: 106,0.000000 18,0.000000
3
502 762 132 2: 16,0.000000 34,0.000000
885 429 89 2: 17,0.000000 35,0.000000
126 177 234 2: 18,0.000000 36,0.000000
3
502 763 143 2: 34,0.000000 52,0.000000
879 426 158 2: 35,0.000000 53,0.000000
126 177 220 2: 36,0.000000 54,0.000000
3
502 766 75 2: 52,0.000000 70,0.000000
879 431 120 2: 53,0.000000 71,0.000000
126 178 237 2: 54,0.000000 72,0.000000
3
501 767 79 2: 70,0.000000 89,0.000000
881 427 161 2: 71,0.000000 90,0.000000
125 177 268 2: 72,0.000000 91,0.000000
3
502 766 98 2: 89,0.000000 107,0.000000
882 430 79 2: 90,0.000000 108,0.000000
125 175 202 2: 91,0.000000 109,0.000000
3
503 762 140 1: 107,0.000000
880 426 173 1: 108,0.000000
125 175 232 1: 109,0.000000
3
502 761 148 0:
881 430 124 0:
127 176 237 0:
