1,1,2,1,1
1,2,3,1,1
1,3,4,1,1
1,4,5,1,1
1,5,6,1,1
1,6,7,1,1
1,7,8,1,2
1,8,9,2,1
1,9,10,1,1
1,10,11,1,2
1,11,12,2,3
1,12,13,3,1
1,13,14,1,1
1,14,15,1,3
1,15,16,3,2
1,16,17,2,1
1,17,18,1,1
1,18,19,1,1
1,19,20,1,2
1,20,21,2,2
1,21,22,2,3
1,22,23,3,2
1,23,24,2,2
1,24,25,2,2
1,25,26,2,2
1,26,27,2,2
1,27,28,2,2
1,28,29,2,3
1,29,30,3,2
1,30,31,2,2
1,31,32,2,2
1,32,33,2,2
1,33,34,2,2
1,34,35,2,2
1,35,36,2,2
2,1,2,2,2
2,2,3,2,2
2,3,4,2,2
2,4,5,2,2
2,5,6,2,2
2,6,7,2,2
2,7,8,2,3
2,8,9,3,2
2,9,10,2,2
2,10,11,2,3
2,11,12,3,1
2,12,13,1,2
2,13,14,2,2
2,14,15,2,1
2,15,16,1,3
2,16,17,3,2
2,17,18,2,2
2,18,19,2,2
2,19,20,2,3
2,20,21,3,3
2,21,22,3,1
2,22,23,1,3
2,23,24,3,3
2,24,25,3,3
2,25,26,3,1
2,26,27,1,1
2,27,28,1,3
2,28,29,3,4
2,29,30,4,3
2,30,31,3,3
2,31,32,3,3
2,32,33,3,3
2,33,34,3,3
2,34,35,3,3
2,35,36,3,3
3,1,2,3,3
3,2,3,3,3
3,3,4,3,3
3,4,5,3,3
3,5,6,3,3
3,6,7,3,3
3,7,8,3,1
3,8,9,1,3
3,9,10,3,3
3,10,11,3,1
3,11,12,1,2
3,12,13,2,3
3,13,14,3,3
3,14,15,3,2
3,15,16,2,1
3,16,17,1,3
3,17,18,3,3
3,18,19,3,3
3,19,20,3,1
3,20,21,1,1
3,21,22,1,2
3,22,23,2,1
3,23,24,1,1
3,24,25,1,1
3,25,26,1,3
3,26,27,3,3
3,27,28,3,1
3,28,29,1,1
3,29,30,1,1
3,30,31,1,1
3,31,32,1,1
3,32,33,1,1
3,33,34,1,1
3,34,35,1,1
3,35,36,1,1
-1,-1,-1,-1,-1
4,1,2876494.226024
5,2,2875163.799670
6,3,2873491.388699
7,4,821156.559808
8,5,820603.313194
9,6,820532.876112
10,7,615825.463712
11,8,615324.096396
12,9,615399.109216
13,10,410595.690804
14,11,410184.171922
15,12,410390.432998
16,13,205174.660689
17,14,205074.833213
18,15,205103.869009
19,16,82067.410904
20,17,82037.212115
21,18,82116.251062
22,21,20645.824058
23,19,20640.175688
24,20,20554.113622
25,23,102618.773911
26,24,102533.835803
27,22,102643.771886
28,25,102575.583214
29,26,102533.374533
30,27,102590.957526
31,30,102685.446630
32,28,102560.604605
33,29,102592.276678
34,33,102657.067407
35,31,102616.612391
36,32,102566.268884
37,36,102551.046171
38,34,102708.118947
39,35,102649.139304
40,37,82039.510582
41,38,82153.424619
42,39,82128.610018
43,41,20715.516090
44,42,20634.002979
45,40,20543.290014
46,44,102647.582314
47,45,102551.861911
48,43,102705.304970
49,47,102556.445800
50,48,102579.633831
51,46,102685.461860
52,49,102522.402443
53,50,102555.099072
54,51,102583.545366
55,52,102532.745847
56,53,102570.418818
57,54,102576.519402
58,57,102697.933671
59,55,102533.906704
60,56,102636.810397
61,58,82197.490519
62,59,82056.336768
63,60,82097.683392
64,63,20608.449261
65,61,20655.289506
66,62,20554.236306
67,65,102698.918695
68,66,102563.519725
69,64,102596.645827
70,67,102685.801335
71,68,102616.930788
72,69,102569.244883
73,70,102679.341252
74,71,102611.112288
75,72,102614.905355
76,75,102742.930902
77,74,102613.164003
78,73,102773.122728
79,76,102682.312201
80,77,102615.979634
81,78,102603.404032
82,81,82110.708877
83,80,82094.847508
84,79,82204.273951
85,82,20564.802214
86,83,41391.600057
87,83,20637.783546
88,84,20588.757080
89,85,102556.874331
90,86,2875469.091698
90,87,102642.586097
91,88,102557.554000
92,89,102585.961794
93,86,11502736.970372
93,90,102758.364272
94,91,102529.995250
95,92,102704.331430
96,93,102670.737808
97,94,102546.670505
98,95,102586.408266
99,96,102652.800005
100,97,102577.482295
101,98,102613.445232
102,99,102669.185964
103,100,102608.788563
104,101,82200.838106
105,102,82184.463108
106,103,82056.450925
107,104,288.701515
108,105,512.030500
109,106,222.620635
